N = 2;
T = 56;
K = 3;
C = 135.0;
furnance = 1;
color = 9;
machines = [1 2 3];
products = [119 221];
MINik = [[6.0 6.0 12.0],[6.0 6.0 12.0]];
MAXik = [[16.0 8.0 16.0],[16.0 8.0 16.0]];
Pik = [[2.916 2.916 2.916],[4.44528 4.44528 4.44528]];
Dit = [[0.0 0.0 0.0 0.0 0.0 0.0 370.0 0.0 0.0 0.0 0.0 0.0 0.0 223.0 0.0 0.0 0.0 0.0 0.0 0.0 335.0 0.0 0.0 0.0 0.0 0.0 0.0 223.0 0.0 0.0 0.0 0.0 0.0 0.0 74.0 0.0 0.0 0.0 0.0 0.0 0.0 186.0 0.0 0.0 0.0 0.0 0.0 0.0 380.0 0.0 0.0 0.0 0.0 0.0 0.0 55.0],[0.0 0.0 0.0 0.0 0.0 0.0 199.0 0.0 0.0 0.0 0.0 0.0 0.0 387.0 0.0 0.0 0.0 0.0 0.0 0.0 372.0 0.0 0.0 0.0 0.0 0.0 0.0 391.0 0.0 0.0 0.0 0.0 0.0 0.0 373.0 0.0 0.0 0.0 0.0 0.0 0.0 378.0 0.0 0.0 0.0 0.0 0.0 0.0 392.0 0.0 0.0 0.0 0.0 0.0 0.0 374.0]];
Sijk = [[[0.0 0.0 0.0],[5.0 6.0 6.0]]
[[6.0 5.0 9.0],[0.0 0.0 0.0]]];
Cijk = [[[0.0 0.0 0.0],[5.0 6.0 6.0]]
[[6.0 5.0 9.0],[0.0 0.0 0.0]]];
Hi = [0.2 0.2];
