N = 2;
T = 28;
K = 5;
C = 365.0;
furnance = 2;
color = 9;
machines = [4 5 6 7 8];
products = [119 221];
MINik = [[12.0 12.0 16.0 12.0 12.0],[12.0 12.0 16.0 12.0 12.0]];
MAXik = [[16.0 16.0 20.0 20.0 20.0],[16.0 16.0 0.0 20.0 20.0]];
Pik = [[2.88036 2.88036 2.88036 2.88036 2.88036],[4.390948799999999 4.390948799999999 4.390948799999999 4.390948799999999 4.390948799999999]];
Dit = [[0.0 0.0 0.0 0.0 0.0 0.0 1005.0 0.0 0.0 0.0 0.0 0.0 0.0 1014.0 0.0 0.0 0.0 0.0 0.0 0.0 258.0 0.0 0.0 0.0 0.0 0.0 0.0 700.0],[0.0 0.0 0.0 0.0 0.0 0.0 519.0 0.0 0.0 0.0 0.0 0.0 0.0 56.0 0.0 0.0 0.0 0.0 0.0 0.0 1054.0 0.0 0.0 0.0 0.0 0.0 0.0 1025.0]];
Sijk = [[[0.0 0.0 0.0 0.0 0.0],[14.0 14.0 1.0E9 14.0 14.0]]
[[8.0 6.0 8.0 8.0 8.0],[0.0 0.0 0.0 0.0 0.0]]];
Cijk = [[[0.0 0.0 0.0 0.0 0.0],[14.0 14.0 1.0E9 14.0 14.0]]
[[8.0 6.0 8.0 8.0 8.0],[0.0 0.0 0.0 0.0 0.0]]];
Hi = [0.2 0.2];
