N = 2;
T = 56;
K = 5;
C = 365.0;
furnance = 2;
color = 9;
machines = [4 5 6 7 8];
products = [119 221];
MINik = [[12.0 12.0 16.0 12.0 12.0],[12.0 12.0 16.0 12.0 12.0]];
MAXik = [[16.0 16.0 20.0 20.0 20.0],[16.0 16.0 0.0 20.0 20.0]];
Pik = [[2.88036 2.88036 2.88036 2.88036 2.88036],[4.390948799999999 4.390948799999999 4.390948799999999 4.390948799999999 4.390948799999999]];
Dit = [[0.0 0.0 0.0 0.0 0.0 0.0 36.0 0.0 0.0 0.0 0.0 0.0 0.0 580.0 0.0 0.0 0.0 0.0 0.0 0.0 82.0 0.0 0.0 0.0 0.0 0.0 0.0 1058.0 0.0 0.0 0.0 0.0 0.0 0.0 709.0 0.0 0.0 0.0 0.0 0.0 0.0 36.0 0.0 0.0 0.0 0.0 0.0 0.0 119.0 0.0 0.0 0.0 0.0 0.0 0.0 129.0],[0.0 0.0 0.0 0.0 0.0 0.0 1025.0 0.0 0.0 0.0 0.0 0.0 0.0 1012.0 0.0 0.0 0.0 0.0 0.0 0.0 1018.0 0.0 0.0 0.0 0.0 0.0 0.0 295.0 0.0 0.0 0.0 0.0 0.0 0.0 969.0 0.0 0.0 0.0 0.0 0.0 0.0 1013.0 0.0 0.0 0.0 0.0 0.0 0.0 1007.0 0.0 0.0 0.0 0.0 0.0 0.0 1031.0]];
Sijk = [[[0.0 0.0 0.0 0.0 0.0],[8.0 9.0 1.0E9 10.0 9.0]]
[[6.0 9.0 9.0 12.0 9.0],[0.0 0.0 0.0 0.0 0.0]]];
Cijk = [[[0.0 0.0 0.0 0.0 0.0],[8.0 9.0 1.0E9 10.0 9.0]]
[[6.0 9.0 9.0 12.0 9.0],[0.0 0.0 0.0 0.0 0.0]]];
Hi = [0.2 0.2];
