N = 2;
T = 14;
K = 3;
C = 135.0;
furnance = 1;
color = 9;
machines = [1 2 3];
products = [119 221];
MINik = [[6.0 6.0 12.0],[6.0 6.0 12.0]];
MAXik = [[16.0 8.0 16.0],[16.0 8.0 16.0]];
Pik = [[2.916 2.916 2.916],[4.44528 4.44528 4.44528]];
Dit = [[0.0 0.0 0.0 0.0 0.0 0.0 18.0 0.0 0.0 0.0 0.0 0.0 0.0 317.0],[0.0 0.0 0.0 0.0 0.0 0.0 373.0 0.0 0.0 0.0 0.0 0.0 0.0 379.0]];
Sijk = [[[0.0 0.0 0.0],[8.0 7.0 7.0]]
[[7.0 5.0 9.0],[0.0 0.0 0.0]]];
Cijk = [[[0.0 0.0 0.0],[8.0 7.0 7.0]]
[[7.0 5.0 9.0],[0.0 0.0 0.0]]];
Hi = [0.2 0.2];
