N = 2;
T = 14;
K = 5;
C = 365.0;
furnance = 2;
color = 9;
machines = [4 5 6 7 8];
products = [119 221];
MINik = [[12.0 12.0 16.0 12.0 12.0],[12.0 12.0 16.0 12.0 12.0]];
MAXik = [[16.0 16.0 20.0 20.0 20.0],[16.0 16.0 0.0 20.0 20.0]];
Pik = [[2.88036 2.88036 2.88036 2.88036 2.88036],[4.390948799999999 4.390948799999999 4.390948799999999 4.390948799999999 4.390948799999999]];
Dit = [[0.0 0.0 0.0 0.0 0.0 0.0 1062.0 0.0 0.0 0.0 0.0 0.0 0.0 571.0],[0.0 0.0 0.0 0.0 0.0 0.0 112.0 0.0 0.0 0.0 0.0 0.0 0.0 1028.0]];
Sijk = [[[0.0 0.0 0.0 0.0 0.0],[12.0 10.0 1.0E9 13.0 12.0]]
[[6.0 9.0 9.0 7.0 9.0],[0.0 0.0 0.0 0.0 0.0]]];
Cijk = [[[0.0 0.0 0.0 0.0 0.0],[12.0 10.0 1.0E9 13.0 12.0]]
[[6.0 9.0 9.0 7.0 9.0],[0.0 0.0 0.0 0.0 0.0]]];
Hi = [0.2 0.2];
