optimal = 1610.0;
N = 29;
Cij = [[0.0 97.0 205.0 139.0 86.0 60.0 220.0 65.0 111.0 115.0 227.0 95.0 82.0 225.0 168.0 103.0 266.0 205.0 149.0 120.0 58.0 257.0 152.0 52.0 180.0 136.0 82.0 34.0 145.0],[97.0 0.0 129.0 103.0 71.0 105.0 258.0 154.0 112.0 65.0 204.0 150.0 87.0 176.0 137.0 142.0 204.0 148.0 148.0 49.0 41.0 211.0 226.0 116.0 197.0 89.0 153.0 124.0 74.0],[205.0 129.0 0.0 219.0 125.0 175.0 386.0 269.0 134.0 184.0 313.0 201.0 215.0 267.0 248.0 271.0 274.0 236.0 272.0 160.0 151.0 300.0 350.0 239.0 322.0 78.0 276.0 220.0 60.0],[139.0 103.0 219.0 0.0 167.0 182.0 180.0 162.0 208.0 39.0 102.0 227.0 60.0 86.0 34.0 96.0 129.0 69.0 58.0 60.0 120.0 119.0 192.0 114.0 110.0 192.0 136.0 173.0 173.0],[86.0 71.0 125.0 167.0 0.0 51.0 296.0 150.0 42.0 131.0 268.0 88.0 131.0 245.0 201.0 175.0 275.0 218.0 202.0 119.0 50.0 281.0 238.0 131.0 244.0 51.0 166.0 95.0 69.0],[60.0 105.0 175.0 182.0 51.0 0.0 279.0 114.0 56.0 150.0 278.0 46.0 133.0 266.0 214.0 162.0 302.0 242.0 203.0 146.0 67.0 300.0 205.0 111.0 238.0 98.0 139.0 52.0 120.0],[220.0 258.0 386.0 180.0 296.0 279.0 0.0 178.0 328.0 206.0 147.0 308.0 172.0 203.0 165.0 121.0 251.0 216.0 122.0 231.0 249.0 209.0 111.0 169.0 72.0 338.0 144.0 237.0 331.0],[65.0 154.0 269.0 162.0 150.0 114.0 178.0 0.0 169.0 151.0 227.0 133.0 104.0 242.0 182.0 84.0 290.0 230.0 146.0 165.0 121.0 270.0 91.0 48.0 158.0 200.0 39.0 64.0 210.0],[111.0 112.0 134.0 208.0 42.0 56.0 328.0 169.0 0.0 172.0 309.0 68.0 169.0 286.0 242.0 208.0 315.0 259.0 240.0 160.0 90.0 322.0 260.0 160.0 281.0 57.0 192.0 107.0 90.0],[115.0 65.0 184.0 39.0 131.0 150.0 206.0 151.0 172.0 0.0 140.0 195.0 51.0 117.0 72.0 104.0 153.0 93.0 88.0 25.0 85.0 152.0 200.0 104.0 139.0 154.0 134.0 149.0 135.0],[227.0 204.0 313.0 102.0 268.0 278.0 147.0 227.0 309.0 140.0 0.0 320.0 146.0 64.0 68.0 143.0 106.0 88.0 81.0 159.0 219.0 63.0 216.0 187.0 88.0 293.0 191.0 258.0 272.0],[95.0 150.0 201.0 227.0 88.0 46.0 308.0 133.0 68.0 195.0 320.0 0.0 174.0 311.0 258.0 196.0 347.0 288.0 243.0 192.0 113.0 345.0 222.0 144.0 274.0 124.0 165.0 71.0 153.0],[82.0 87.0 215.0 60.0 131.0 133.0 172.0 104.0 169.0 51.0 146.0 174.0 0.0 144.0 86.0 57.0 189.0 128.0 71.0 71.0 82.0 176.0 150.0 56.0 114.0 168.0 83.0 115.0 160.0],[225.0 176.0 267.0 86.0 245.0 266.0 203.0 242.0 286.0 117.0 64.0 311.0 144.0 0.0 61.0 165.0 51.0 32.0 105.0 127.0 201.0 36.0 254.0 196.0 136.0 260.0 212.0 258.0 234.0],[168.0 137.0 248.0 34.0 201.0 214.0 165.0 182.0 242.0 72.0 68.0 258.0 86.0 61.0 0.0 106.0 110.0 56.0 49.0 91.0 153.0 91.0 197.0 136.0 94.0 225.0 151.0 201.0 205.0],[103.0 142.0 271.0 96.0 175.0 162.0 121.0 84.0 208.0 104.0 143.0 196.0 57.0 165.0 106.0 0.0 215.0 159.0 64.0 126.0 128.0 190.0 98.0 53.0 78.0 218.0 48.0 127.0 214.0],[266.0 204.0 274.0 129.0 275.0 302.0 251.0 290.0 315.0 153.0 106.0 347.0 189.0 51.0 110.0 215.0 0.0 61.0 155.0 157.0 235.0 47.0 305.0 243.0 186.0 282.0 261.0 300.0 252.0],[205.0 148.0 236.0 69.0 218.0 242.0 216.0 230.0 259.0 93.0 88.0 288.0 128.0 32.0 56.0 159.0 61.0 0.0 105.0 100.0 176.0 66.0 253.0 183.0 146.0 231.0 203.0 239.0 204.0],[149.0 148.0 272.0 58.0 202.0 203.0 122.0 146.0 240.0 88.0 81.0 243.0 71.0 105.0 49.0 64.0 155.0 105.0 0.0 113.0 152.0 127.0 150.0 106.0 52.0 235.0 112.0 179.0 221.0],[120.0 49.0 160.0 60.0 119.0 146.0 231.0 165.0 160.0 25.0 159.0 192.0 71.0 127.0 91.0 126.0 157.0 100.0 113.0 0.0 79.0 163.0 220.0 119.0 164.0 135.0 152.0 153.0 114.0],[58.0 41.0 151.0 120.0 50.0 67.0 249.0 121.0 90.0 85.0 219.0 113.0 82.0 201.0 153.0 128.0 235.0 176.0 152.0 79.0 0.0 236.0 201.0 90.0 195.0 90.0 127.0 84.0 91.0],[257.0 211.0 300.0 119.0 281.0 300.0 209.0 270.0 322.0 152.0 63.0 345.0 176.0 36.0 91.0 190.0 47.0 66.0 127.0 163.0 236.0 0.0 273.0 226.0 148.0 296.0 238.0 291.0 269.0],[152.0 226.0 350.0 192.0 238.0 205.0 111.0 91.0 260.0 200.0 216.0 222.0 150.0 254.0 197.0 98.0 305.0 253.0 150.0 220.0 201.0 273.0 0.0 112.0 130.0 286.0 74.0 155.0 291.0],[52.0 116.0 239.0 114.0 131.0 111.0 169.0 48.0 160.0 104.0 187.0 144.0 56.0 196.0 136.0 53.0 243.0 183.0 106.0 119.0 90.0 226.0 112.0 0.0 130.0 178.0 38.0 75.0 180.0],[180.0 197.0 322.0 110.0 244.0 238.0 72.0 158.0 281.0 139.0 88.0 274.0 114.0 136.0 94.0 78.0 186.0 146.0 52.0 164.0 195.0 148.0 130.0 130.0 0.0 281.0 120.0 205.0 270.0],[136.0 89.0 78.0 192.0 51.0 98.0 338.0 200.0 57.0 154.0 293.0 124.0 168.0 260.0 225.0 218.0 282.0 231.0 235.0 135.0 90.0 296.0 286.0 178.0 281.0 0.0 213.0 145.0 36.0],[82.0 153.0 276.0 136.0 166.0 139.0 144.0 39.0 192.0 134.0 191.0 165.0 83.0 212.0 151.0 48.0 261.0 203.0 112.0 152.0 127.0 238.0 74.0 38.0 120.0 213.0 0.0 94.0 217.0],[34.0 124.0 220.0 173.0 95.0 52.0 237.0 64.0 107.0 149.0 258.0 71.0 115.0 258.0 201.0 127.0 300.0 239.0 179.0 153.0 84.0 291.0 155.0 75.0 205.0 145.0 94.0 0.0 162.0],[145.0 74.0 60.0 173.0 69.0 120.0 331.0 210.0 90.0 135.0 272.0 153.0 160.0 234.0 205.0 214.0 252.0 204.0 221.0 114.0 91.0 269.0 291.0 180.0 270.0 36.0 217.0 162.0 0.0]];
