optimal = 1634.0;
N = 20;
Cij = [[0.0 978.0 882.0 64.0 291.0 632.0 757.0 855.0 132.0 756.0 181.0 399.0 634.0 392.0 892.0 980.0 701.0 17.0 429.0 771.0],[978.0 0.0 169.0 213.0 141.0 735.0 900.0 13.0 205.0 21.0 601.0 406.0 21.0 474.0 147.0 827.0 925.0 754.0 379.0 98.0],[882.0 169.0 0.0 643.0 872.0 163.0 380.0 54.0 359.0 142.0 913.0 623.0 908.0 81.0 986.0 288.0 534.0 696.0 975.0 17.0],[64.0 213.0 643.0 0.0 266.0 120.0 946.0 447.0 146.0 532.0 215.0 583.0 131.0 43.0 403.0 252.0 51.0 490.0 41.0 344.0],[291.0 141.0 872.0 266.0 0.0 734.0 685.0 590.0 837.0 784.0 925.0 313.0 862.0 751.0 998.0 339.0 191.0 881.0 954.0 827.0],[632.0 735.0 163.0 120.0 734.0 0.0 969.0 290.0 357.0 771.0 955.0 266.0 14.0 108.0 214.0 966.0 156.0 936.0 128.0 188.0],[757.0 900.0 380.0 946.0 685.0 969.0 0.0 574.0 741.0 558.0 659.0 360.0 944.0 965.0 98.0 266.0 760.0 726.0 407.0 634.0],[855.0 13.0 54.0 447.0 590.0 290.0 574.0 0.0 640.0 716.0 366.0 351.0 180.0 170.0 728.0 468.0 617.0 492.0 549.0 920.0],[132.0 205.0 359.0 146.0 837.0 357.0 741.0 640.0 0.0 581.0 793.0 608.0 10.0 929.0 636.0 617.0 721.0 40.0 471.0 266.0],[756.0 21.0 142.0 532.0 784.0 771.0 558.0 716.0 581.0 0.0 270.0 951.0 647.0 825.0 35.0 681.0 385.0 965.0 480.0 91.0],[181.0 601.0 913.0 215.0 925.0 955.0 659.0 366.0 793.0 270.0 0.0 304.0 15.0 609.0 750.0 107.0 758.0 194.0 491.0 67.0],[399.0 406.0 623.0 583.0 313.0 266.0 360.0 351.0 608.0 951.0 304.0 0.0 285.0 729.0 947.0 178.0 749.0 435.0 46.0 548.0],[634.0 21.0 908.0 131.0 862.0 14.0 944.0 180.0 10.0 647.0 15.0 285.0 0.0 420.0 564.0 317.0 684.0 98.0 901.0 997.0],[392.0 474.0 81.0 43.0 751.0 108.0 965.0 170.0 929.0 825.0 609.0 729.0 420.0 0.0 542.0 80.0 78.0 329.0 570.0 710.0],[892.0 147.0 986.0 403.0 998.0 214.0 98.0 728.0 636.0 35.0 750.0 947.0 564.0 542.0 0.0 38.0 72.0 272.0 710.0 294.0],[980.0 827.0 288.0 252.0 339.0 966.0 266.0 468.0 617.0 681.0 107.0 178.0 317.0 80.0 38.0 0.0 748.0 970.0 434.0 235.0],[701.0 925.0 534.0 51.0 191.0 156.0 760.0 617.0 721.0 385.0 758.0 749.0 684.0 78.0 72.0 748.0 0.0 591.0 191.0 601.0],[17.0 754.0 696.0 490.0 881.0 936.0 726.0 492.0 40.0 965.0 194.0 435.0 98.0 329.0 272.0 970.0 591.0 0.0 334.0 82.0],[429.0 379.0 975.0 41.0 954.0 128.0 407.0 549.0 471.0 480.0 491.0 46.0 901.0 570.0 710.0 434.0 191.0 334.0 0.0 220.0],[771.0 98.0 17.0 344.0 827.0 188.0 634.0 920.0 266.0 91.0 67.0 548.0 997.0 710.0 294.0 235.0 601.0 82.0 220.0 0.0]];
