optimal = 1970.0;
N = 22;
Cij = [[0.0 24.0 897.0 626.0 239.0 188.0 576.0 52.0 960.0 401.0 750.0 63.0 68.0 378.0 141.0 217.0 938.0 273.0 433.0 398.0 227.0 896.0],[24.0 0.0 283.0 970.0 481.0 268.0 443.0 130.0 58.0 201.0 830.0 820.0 881.0 983.0 534.0 776.0 689.0 650.0 445.0 336.0 140.0 166.0],[897.0 283.0 0.0 706.0 492.0 752.0 672.0 396.0 732.0 766.0 740.0 808.0 354.0 901.0 252.0 967.0 363.0 85.0 580.0 360.0 745.0 960.0],[626.0 970.0 706.0 0.0 23.0 340.0 10.0 880.0 424.0 151.0 952.0 134.0 747.0 492.0 283.0 538.0 927.0 719.0 36.0 409.0 521.0 871.0],[239.0 481.0 492.0 23.0 0.0 965.0 867.0 403.0 18.0 199.0 968.0 77.0 260.0 851.0 667.0 978.0 968.0 473.0 141.0 502.0 281.0 943.0],[188.0 268.0 752.0 340.0 965.0 0.0 668.0 77.0 594.0 529.0 128.0 573.0 356.0 218.0 789.0 224.0 212.0 504.0 804.0 501.0 539.0 917.0],[576.0 443.0 672.0 10.0 867.0 668.0 0.0 679.0 955.0 643.0 268.0 976.0 440.0 94.0 433.0 649.0 648.0 550.0 420.0 965.0 796.0 107.0],[52.0 130.0 396.0 880.0 403.0 77.0 679.0 0.0 387.0 135.0 17.0 832.0 915.0 777.0 124.0 146.0 741.0 897.0 386.0 266.0 727.0 855.0],[960.0 58.0 732.0 424.0 18.0 594.0 955.0 387.0 0.0 549.0 933.0 17.0 656.0 866.0 865.0 162.0 612.0 154.0 314.0 569.0 155.0 81.0],[401.0 201.0 766.0 151.0 199.0 529.0 643.0 135.0 549.0 0.0 711.0 951.0 269.0 954.0 436.0 556.0 836.0 134.0 120.0 220.0 360.0 995.0],[750.0 830.0 740.0 952.0 968.0 128.0 268.0 17.0 933.0 711.0 0.0 351.0 20.0 142.0 560.0 484.0 634.0 132.0 120.0 192.0 187.0 54.0],[63.0 820.0 808.0 134.0 77.0 573.0 976.0 832.0 17.0 951.0 351.0 0.0 831.0 127.0 292.0 708.0 863.0 405.0 91.0 255.0 754.0 993.0],[68.0 881.0 354.0 747.0 260.0 356.0 440.0 915.0 656.0 269.0 20.0 831.0 0.0 315.0 769.0 619.0 741.0 27.0 411.0 500.0 969.0 846.0],[378.0 983.0 901.0 492.0 851.0 218.0 94.0 777.0 866.0 954.0 142.0 127.0 315.0 0.0 361.0 270.0 863.0 178.0 629.0 812.0 897.0 331.0],[141.0 534.0 252.0 283.0 667.0 789.0 433.0 124.0 865.0 436.0 560.0 292.0 769.0 361.0 0.0 895.0 807.0 269.0 796.0 335.0 785.0 799.0],[217.0 776.0 967.0 538.0 978.0 224.0 649.0 146.0 162.0 556.0 484.0 708.0 619.0 270.0 895.0 0.0 293.0 525.0 627.0 876.0 25.0 711.0],[938.0 689.0 363.0 927.0 968.0 212.0 648.0 741.0 612.0 836.0 634.0 863.0 741.0 863.0 807.0 293.0 0.0 750.0 300.0 827.0 25.0 33.0],[273.0 650.0 85.0 719.0 473.0 504.0 550.0 897.0 154.0 134.0 132.0 405.0 27.0 178.0 269.0 525.0 750.0 0.0 679.0 272.0 129.0 906.0],[433.0 445.0 580.0 36.0 141.0 804.0 420.0 386.0 314.0 120.0 120.0 91.0 411.0 629.0 796.0 627.0 300.0 679.0 0.0 239.0 60.0 484.0],[398.0 336.0 360.0 409.0 502.0 501.0 965.0 266.0 569.0 220.0 192.0 255.0 500.0 812.0 335.0 876.0 827.0 272.0 239.0 0.0 288.0 1000.0],[227.0 140.0 745.0 521.0 281.0 539.0 796.0 727.0 155.0 360.0 187.0 754.0 969.0 897.0 785.0 25.0 25.0 129.0 60.0 288.0 0.0 962.0],[896.0 166.0 960.0 871.0 943.0 917.0 107.0 855.0 81.0 995.0 54.0 993.0 846.0 331.0 799.0 711.0 33.0 906.0 484.0 1000.0 962.0 0.0]];
