optimal = 1936.0;
N = 12;
Cij = [[0.0 198.0 13.0 478.0 733.0 443.0 291.0 220.0 641.0 337.0 761.0 424.0],[198.0 0.0 181.0 655.0 401.0 991.0 661.0 753.0 787.0 308.0 389.0 467.0],[13.0 181.0 0.0 288.0 53.0 332.0 156.0 674.0 987.0 16.0 775.0 980.0],[478.0 655.0 288.0 0.0 744.0 832.0 659.0 101.0 818.0 703.0 465.0 718.0],[733.0 401.0 53.0 744.0 0.0 869.0 695.0 825.0 95.0 396.0 399.0 871.0],[443.0 991.0 332.0 832.0 869.0 0.0 894.0 217.0 899.0 493.0 761.0 8.0],[291.0 661.0 156.0 659.0 695.0 894.0 0.0 283.0 301.0 81.0 947.0 147.0],[220.0 753.0 674.0 101.0 825.0 217.0 283.0 0.0 851.0 914.0 388.0 980.0],[641.0 787.0 987.0 818.0 95.0 899.0 301.0 851.0 0.0 557.0 743.0 136.0],[337.0 308.0 16.0 703.0 396.0 493.0 81.0 914.0 557.0 0.0 511.0 15.0],[761.0 389.0 775.0 465.0 399.0 761.0 947.0 388.0 743.0 511.0 0.0 19.0],[424.0 467.0 980.0 718.0 871.0 8.0 147.0 980.0 136.0 15.0 19.0 0.0]];
