Valor_otimo
7542.0
Total_de_cidades
52
Matriz_dos_custos_dos_caminhos
     0.00000      666.108      281.114      395.601      291.204      326.267      640.800      426.878      600.187      561.471      1040.97      655.019      975.000      1120.77      299.040      260.048      429.535      161.555      305.000      210.060      286.923      46.0977      181.177      274.591      410.030      728.972      798.514      707.001      406.263      360.069      146.373      90.5539      827.315      135.093      121.655      125.000      207.966      240.416      166.208      208.926      395.380      565.796      463.816      154.434      240.208      279.866      791.281      267.301      64.0312      217.083      789.383      1220.46 
     666.108      0.00000      649.327      1047.09      945.145      978.085      45.0000      956.151      1134.96      1132.98      1638.79      1258.59      1440.08      1515.73      957.823      724.034      494.773      595.483      843.401      564.469      392.460      636.416      509.828      921.792      1028.85      1191.51      1301.51      1243.72      635.020      390.448      541.225      730.000      1488.71      782.081      776.981      785.000      857.700      896.939      827.964      869.741      896.172      102.591      1123.71      744.883      823.286      859.084      1151.27      910.302      728.011      596.259      1421.56      1716.05 
     281.114      649.327      0.00000      603.511      508.945      542.517      610.574      308.058      485.644      487.263      1266.69      891.361      1247.76      1399.73      504.876      537.401      217.313      134.629      207.002      440.965      288.531      240.520      361.179      505.693      652.534      1005.94      1067.64      970.322      651.249      504.207      208.926      245.204      903.396      393.605      373.664      367.696      447.465      462.088      392.237      426.878      246.982      550.091      556.597      434.195      219.829      552.675      1072.31      504.802      288.487      463.249      995.314      1483.59 
     395.601      1047.09      603.511      0.00000      104.403      69.6419      1026.36      525.000      611.003      533.901      663.193      294.364      711.073      897.009      100.125      384.220      800.250      532.353      474.684      500.625      681.487      436.606      537.703      125.300      109.202      516.236      526.806      417.433      579.871      689.529      540.856      370.540      517.349      266.552      275.136      270.601      190.394      155.242      230.489      188.282      544.541      950.329      245.204      307.002      411.096      230.705      659.564      137.295      345.254      477.624      397.020      908.639 
     291.204      945.145      508.945      104.403      0.00000      35.3553      923.594      470.558      583.631      513.469      760.805      382.426      769.042      944.312      25.0000      309.233      700.071      430.465      400.780      406.602      577.170      332.453      436.835      31.6228      150.083      552.268      584.145      478.592      509.755      594.348      436.606      270.185      589.958      163.248      170.880      166.208      87.4643      50.9902      126.590      85.1469      479.505      847.659      266.693      212.250      331.210      170.660      673.591      47.4342      241.868      386.685      499.925      984.441 
     326.267      978.085      542.517      69.6419      35.3553      0.00000      957.040      491.554      596.008      523.259      726.103      349.285      744.194      922.781      40.3113      328.824      735.017      465.672      427.931      435.230      611.903      367.730      469.068      57.0088      124.197      533.339      559.129      452.217      528.015      623.699      471.832      305.041      568.243      196.977      205.548      201.308      120.830      86.3134      161.941      120.416      504.009      881.036      260.048      240.832      360.069      182.003      661.910      70.7107      277.218      413.793      464.570      954.895 
     640.800      45.0000      610.574      1026.36      923.594      957.040      0.00000      918.096      1095.92      1095.73      1627.42      1245.20      1440.31      1521.73      935.361      713.863      451.248      562.250      807.001      551.770      361.732      609.139      491.172      901.180      1012.42      1190.09      1297.79      1236.74      636.965      385.519      511.517      701.231      1459.63      760.345      754.205      761.577      836.316      874.714      804.394      846.537      857.555      76.1577      1094.81      726.997      789.383      844.423      1156.83      890.183      701.730      584.637      1405.08      1715.07 
     426.878      956.151      308.058      525.000      470.558      491.554      918.096      0.00000      183.439      180.347      1144.90      812.050      1234.34      1414.23      452.548      660.984      506.582      381.215      125.897      635.964      580.388      415.030      586.728      486.544      615.549      1022.80      1049.40      941.077      831.039      758.765      457.220      338.711      645.155      455.000      435.460      421.545      460.570      446.010      413.824      421.574      64.0312      855.862      359.026      529.741      187.417      598.540      1135.89      495.101      383.438      643.817      860.145      1430.47 
     600.187      1134.96      485.644      611.003      583.631      596.008      1095.92      183.439      0.00000      83.2166      1165.61      873.856      1316.76      1507.12      561.471      817.955      670.317      564.646      308.058      810.247      763.217      593.043      766.551      606.238      714.178      1126.11      1134.55      1024.46      998.211      940.492      640.312      510.025      570.197      606.980      589.428      574.674      596.091      571.948      557.853      555.000      239.270      1035.59      389.936      685.584      360.867      733.894      1257.06      617.839      550.568      815.138      883.233      1486.78 
     561.471      1132.98      487.263      533.901      513.469      523.259      1095.73      180.347      83.2166      0.00000      1082.65      792.086      1236.58      1428.29      490.433      763.692      686.477      547.951      290.904      770.276      751.482      560.290      734.932      537.820      638.847      1049.98      1055.05      944.934      950.053      912.140      619.294      471.010      500.899      552.268      536.144      521.177      533.667      506.211      499.925      492.443      243.977      1031.95      307.774      631.981      329.014      669.645      1185.17      550.273      507.001      771.962      800.078      1404.04 
     1040.97      1638.79      1266.69      663.193      760.805      726.103      1627.42      1144.90      1165.61      1082.65      0.00000      387.072      442.719      619.556      762.365      914.822      1460.69      1190.09      1124.30      1075.66      1314.17      1085.56      1143.53      770.016      631.269      541.041      417.433      417.642      1042.41      1250.97      1186.78      1030.98      706.134      905.884      920.340      920.054      835.060      810.386      885.127      845.532      1180.04      1552.32      789.240      912.921      1067.95      786.670      705.160      775.065      1000.01      1042.93      285.044      398.560 
     655.019      1258.59      891.361      294.364      382.426      349.285      1245.20      812.050      873.856      792.086      387.072      0.00000      452.134      653.242      388.104      537.703      1078.36      806.877      768.847      694.136      927.160      700.018      758.172      387.621      245.000      335.037      283.240      182.483      688.186      874.643      800.391      650.577      584.209      520.000      535.210      535.840      450.999      429.942      503.016      465.296      836.316      1169.63      484.381      526.118      705.301      401.404      517.421      391.152      616.644      662.590      188.215      618.567 
     975.000      1440.08      1247.76      711.073      769.042      744.194      1440.31      1234.34      1316.76      1236.58      442.719      452.134      0.00000      205.548      784.092      759.276      1399.51      1136.54      1169.47      919.918      1194.76      1020.42      1008.19      759.951      620.081      254.018      185.068      293.641      805.248      1056.18      1103.65      1004.15      1010.36      854.181      874.314      881.192      806.923      804.316      862.699      836.376      1248.08      1371.31      930.860      821.721      1098.33      696.024      324.423      755.860      959.284      884.590      539.676      278.657 
     1120.77      1515.73      1399.73      897.009      944.312      922.781      1521.73      1414.23      1507.12      1428.29      619.556      653.242      205.548      0.00000      961.691      883.883      1534.22      1280.67      1340.63      1034.65      1313.20      1164.69      1127.21      931.357      799.156      396.011      374.433      484.175      887.426      1146.48      1238.79      1160.87      1215.91      1009.72      1030.59      1039.25      971.404      974.590      1026.16      1004.45      1423.04      1457.48      1125.28      966.398      1267.57      848.764      364.966      925.216      1113.56      1000.12      744.648      318.904 
     299.040      957.823      504.876      100.125      25.0000      40.3113      935.361      452.548      561.471      490.433      762.365      388.104      784.092      961.691      0.00000      332.415      700.161      432.348      387.621      424.794      585.875      338.600      451.054      55.9017      164.012      571.074      599.041      492.367      533.128      611.658      443.001      270.416      568.705      176.139      181.177      174.642      102.591      61.0328      132.853      90.1388      464.004      859.593      241.868      231.138      319.883      195.576      695.593      71.5891      246.221      406.079      497.041      995.113 
     260.048      724.034      537.401      384.220      309.233      328.824      713.863      660.984      817.955      763.692      914.822      537.703      759.276      883.883      332.415      0.00000      650.711      407.830      548.862      165.076      435.488      297.069      249.098      277.714      326.497      505.693      597.537      525.856      200.811      337.083      356.721      330.946      897.065      211.483      228.528      243.311      244.182      283.769      265.047      282.179      640.781      639.531      570.088      132.382      476.366      155.724      539.491      261.964      281.824      130.384      710.106      1022.67 
     429.535      494.773      217.313      800.250      700.071      735.017      451.248      506.582      670.317      686.477      1460.69      1078.36      1399.51      1534.22      700.161      650.711      0.00000      271.662      421.100      512.079      253.032      383.438      418.001      691.158      834.341      1149.48      1226.02      1136.33      707.425      492.392      296.184      430.000      1120.29      561.471      544.518      542.794      627.415      650.308      575.782      615.183      442.634      408.075      773.256      579.008      436.578      708.255      1187.70      687.204      461.736      543.622      1196.51      1649.37 
     161.555      595.483      134.629      532.353      430.465      465.672      562.250      381.215      564.646      547.951      1190.09      806.877      1136.54      1280.67      432.348      407.830      271.662      0.00000      258.118      306.472      205.244      116.297      229.401      420.119      562.694      890.000      959.909      867.439      516.769      385.032      80.1561      162.788      903.244      290.259      272.947      271.155      355.879      380.132      305.000      345.326      330.492      492.976      541.133      315.357      228.035      441.277      946.005      415.752      190.263      328.672      929.368      1381.20 
     305.000      843.401      207.002      474.684      400.780      427.931      807.001      125.897      308.058      290.904      1124.30      768.847      1169.47      1340.63      387.621      548.862      421.100      258.118      0.00000      512.445      460.652      290.172      460.977      410.030      550.681      945.476      984.733      879.332      711.003      632.949      332.415      219.829      700.589      350.892      330.189      317.569      371.248      366.231      318.904      336.341      91.9239      741.923      367.764      420.387      75.0000      504.480      1044.84      415.482      267.442      521.967      843.445      1381.96 
     210.060      564.469      440.965      500.625      406.602      435.230      551.770      635.964      810.247      770.276      1075.66      694.136      919.918      1034.65      424.794      165.076      512.079      306.472      512.445      0.00000      278.568      223.607      94.3398      378.451      467.386      665.902      761.643      690.887      210.297      189.011      236.008      300.375      990.013      256.564      261.773      275.045      322.684      365.548      313.847      348.174      601.041      476.707      638.161      194.487      450.028      295.466      679.779      364.589      263.865      35.3553      859.069      1186.09 
     286.923      392.460      288.531      681.487      577.170      611.903      361.732      580.388      763.217      751.482      1314.17      927.160      1194.76      1313.20      585.875      435.488      253.032      205.244      460.652      278.568      0.00000      250.599      186.815      558.413      684.726      941.077      1030.97      952.221      459.157      241.506      150.000      340.037      1097.96      416.203      406.356      411.400      491.859      526.711      453.100      495.807      525.024      289.914      733.246      401.528      433.042      530.377      957.549      549.477      344.420      313.129      1072.01      1456.71 
     46.0977      636.416      240.520      436.606      332.453      367.730      609.139      415.030      593.043      560.290      1085.56      700.018      1020.42      1164.69      338.600      297.069      383.438      116.297      290.172      223.607      250.599      0.00000      174.642      317.530      455.027      773.709      844.334      753.077      428.515      352.598      104.403      97.0824      852.951      180.069      165.303      166.883      251.247      281.469      206.155      248.646      377.690      535.023      488.109      199.060      232.648      325.730      832.406      311.006      93.9415      237.171      831.865      1266.49 
     181.177      509.828      361.179      537.703      436.835      469.068      491.172      586.728      766.551      734.932      1143.53      758.172      1008.19      1127.21      451.054      249.098      418.001      229.401      460.977      94.3398      186.815      174.642      0.00000      412.462      521.776      754.404      845.931      770.146      296.015      179.234      152.315      267.442      1001.96      275.000      272.809      282.931      349.464      390.032      325.576      365.548      545.023      415.030      641.132      235.850      406.971      356.931      773.692      400.656      244.387      127.475      914.166      1271.42 
     274.591      921.792      505.693      125.300      31.6228      57.0088      901.180      486.544      606.238      537.820      770.016      387.621      759.951      931.357      55.9017      277.714      691.158      420.119      410.030      378.451      558.413      317.530      412.462      0.00000      147.054      537.401      575.608      472.070      478.174      566.789      420.862      263.059      620.846      142.302      152.971      150.748      66.7083      44.7214      115.434      79.0569      491.757      825.121      297.700      183.984      338.378      140.089      652.553      15.8114      230.000      357.526      514.806      981.542 
     410.030      1028.85      652.534      109.202      150.083      124.197      1012.42      615.549      714.178      638.847      631.269      245.000      620.081      799.156      164.012      326.497      834.341      562.694      550.681      467.386      684.726      455.027      521.776      147.054      0.00000      412.098      435.029      328.672      509.141      654.313      555.563      408.932      605.826      275.000      290.388      291.548      207.183      191.377      260.864      226.108      628.013      936.376      354.401      286.400      481.274      173.349      550.681      148.071      372.726      439.090      392.747      835.135 
     728.972      1191.51      1005.94      516.236      552.268      533.339      1190.09      1022.80      1126.11      1049.98      541.041      335.037      254.018      396.011      571.074      505.693      1149.48      890.000      945.476      665.902      941.077      773.709      754.404      537.401      412.098      0.00000      126.194      158.902      558.793      805.016      853.302      765.506      917.306      614.370      635.138      643.525      575.543      580.000      630.179      609.139      1028.99      1120.10      755.794      574.674      872.067      453.679      185.540      530.519      718.679      630.575      496.009      525.000 
     798.514      1301.51      1067.64      526.806      584.145      559.129      1297.79      1049.40      1134.55      1055.05      417.433      283.240      185.068      374.433      599.041      597.537      1226.02      959.909      984.733      761.643      1030.97      844.334      845.931      575.608      435.029      126.194      0.00000      110.114      673.665      912.318      931.450      823.119      861.931      674.259      693.992      700.179      624.119      620.101      680.000      652.553      1063.04      1226.23      751.033      647.012      913.906      518.652      291.548      571.948      779.311      726.395      410.488      425.793 
     707.001      1243.72      970.322      417.433      478.592      452.217      1236.74      941.077      1024.46      944.934      417.642      182.483      293.641      484.175      492.367      525.856      1136.33      867.439      879.332      690.887      952.221      753.077      770.146      472.070      328.672      158.902      110.114      0.00000      629.682      853.288      844.349      725.155      766.551      578.705      597.704      602.764      523.927      516.769      579.763      550.091      956.151      1163.45      641.112      559.017      809.475      428.515      344.420      469.574      683.118      656.220      337.231      513.931 
     406.263      635.020      651.249      579.871      509.755      528.015      636.965      831.039      998.211      950.053      1042.41      688.186      805.248      887.426      533.128      200.811      707.425      516.769      711.003      210.297      459.157      428.515      296.015      478.174      509.141      558.793      673.665      629.682      0.00000      259.615      445.225      492.392      1095.67      401.995      415.752      430.726      443.847      484.200      458.939      480.521      801.639      570.636      770.600      322.490      643.623      349.178      522.805      462.385      448.386      191.377      871.450      1081.95 
     360.069      390.448      504.207      689.529      594.348      623.699      385.519      758.765      940.492      912.140      1250.97      874.643      1056.18      1146.48      611.658      337.083      492.392      385.032      632.949      189.011      241.506      352.598      179.234      566.789      654.313      805.016      912.318      853.288      259.615      0.00000      305.164      446.598      1172.90      439.318      441.192      453.018      509.117      551.589      494.292      531.507      712.969      315.159      815.552      382.884      583.310      481.274      782.192      553.173      422.670      215.232      1044.28      1330.01 
     146.373      541.225      208.926      540.856      436.606      471.832      511.517      457.220      640.312      619.294      1186.78      800.391      1103.65      1238.79      443.001      356.721      296.184      80.1561      332.415      236.008      150.000      104.403      152.315      420.862      555.563      853.302      931.450      844.349      445.225      305.164      0.00000      190.066      948.117      281.114      268.002      270.647      354.295      385.649      310.483      353.023      408.718      438.919      583.310      285.351      292.959      415.933      895.879      413.673      197.800      262.011      935.575      1355.91 
     90.5539      730.000      245.204      370.540      270.185      305.041      701.231      338.711      510.025      471.010      1030.98      650.577      1004.15      1160.87      270.416      330.946      430.000      162.788      219.829      300.375      340.037      97.0824      267.442      263.059      408.932      765.506      823.119      725.155      492.392      446.598      190.066      0.00000      758.716      151.162      130.384      122.984      202.608      220.907      148.071      185.607      311.488      628.033      393.732      207.002      151.327      312.130      845.000      260.864      50.0000      305.655      767.349      1238.40 
     827.315      1488.71      903.396      517.349      589.958      568.243      1459.63      645.155      570.197      500.899      706.134      584.209      1010.36      1215.91      568.705      897.065      1120.29      903.244      700.589      990.013      1097.96      852.951      1001.96      620.846      605.826      917.306      861.931      766.551      1095.67      1172.90      948.117      758.716      0.00000      734.098      731.744      720.226      668.506      625.500      678.620      642.028      704.006      1386.73      365.000      798.812      687.786      747.011      1095.18      636.318      763.708      973.666      474.684      1088.73 
     135.093      782.081      393.605      266.552      163.248      196.977      760.345      455.000      606.980      552.268      905.884      520.000      854.181      1009.72      176.139      211.483      561.471      290.259      350.892      256.564      416.203      180.069      275.000      142.302      275.000      614.370      674.259      578.705      401.995      439.318      281.114      151.162      734.098      0.00000      21.2132      33.5410      76.1577      115.109      58.5235      92.1954      441.616      684.416      382.394      80.0000      276.134      161.012      697.227      133.417      105.119      243.772      656.220      1092.62 
     121.655      776.981      373.664      275.136      170.880      205.548      754.205      435.460      589.428      536.144      920.340      535.210      874.314      1030.59      181.177      228.528      544.518      272.947      330.189      261.773      406.356      165.303      272.809      152.971      290.388      635.138      693.992      597.704      415.752      441.192      268.002      130.384      731.744      21.2132      0.00000      15.0000      86.3134      120.830      53.1507      93.0054      421.100      678.473      376.464      96.1769      255.539      182.003      718.418      145.774      85.4400      251.645      667.776      1111.54 
     125.000      785.000      367.696      270.601      166.208      201.308      761.577      421.545      574.674      521.177      920.054      535.840      881.192      1039.25      174.642      243.311      542.794      271.155      317.569      275.045      411.400      166.883      282.931      150.748      291.548      643.525      700.179      602.764      430.726      453.018      270.647      122.984      720.226      33.5410      15.0000      0.00000      85.0000      115.434      43.0116      85.0000      408.167      686.003      363.593      111.018      242.745      191.442      729.555      145.000      81.3941      265.707      665.019      1116.36 
     207.966      857.700      447.465      190.394      87.4643      120.830      836.316      460.570      596.091      533.667      835.060      450.999      806.923      971.404      102.591      244.182      627.415      355.879      371.248      322.684      491.859      251.247      349.464      66.7083      207.183      575.543      624.119      523.927      443.847      509.117      354.295      202.608      668.506      76.1577      86.3134      85.0000      0.00000      43.0116      55.9017      41.2311      457.739      760.345      327.300      130.384      297.069      138.654      676.036      60.0000      165.680      305.164      581.485      1036.40 
     240.416      896.939      462.088      155.242      50.9902      86.3134      874.714      446.010      571.948      506.211      810.386      429.942      804.316      974.590      61.0328      283.769      650.308      380.132      366.231      365.548      526.711      281.469      390.032      44.7214      191.377      580.000      620.101      516.769      484.200      551.589      385.649      220.907      625.500      115.109      120.830      115.434      43.0116      0.00000      75.6637      35.3553      449.027      798.890      286.400      173.349      294.109      163.783      690.670      49.4975      191.050      348.174      550.840      1026.17 
     166.208      827.964      392.237      230.489      126.590      161.941      804.394      413.824      557.853      499.925      885.127      503.016      862.699      1026.16      132.853      265.047      575.782      305.000      318.904      313.847      453.100      206.155      325.576      115.434      260.864      630.179      680.000      579.763      458.939      494.292      310.483      148.071      678.620      58.5235      53.1507      43.0116      55.9017      75.6637      0.00000      42.7200      407.001      728.869      324.423      136.473      244.182      186.011      726.223      112.805      115.434      302.076      626.498      1092.02 
     208.926      869.741      426.878      188.282      85.1469      120.416      846.537      421.574      555.000      492.443      845.532      465.296      836.376      1004.45      90.1388      282.179      615.183      345.326      336.341      348.174      495.807      248.646      365.548      79.0569      226.108      609.139      652.553      550.091      480.521      531.507      353.023      185.607      642.028      92.1954      93.0054      85.0000      41.2311      35.3553      42.7200      0.00000      421.100      770.925      293.471      161.555      263.154      179.234      714.370      80.6226      157.003      333.654      584.829      1060.39 
     395.380      896.172      246.982      544.541      479.505      504.009      857.555      64.0312      239.270      243.977      1180.04      836.316      1248.08      1423.04      464.004      640.781      442.634      330.492      91.9239      601.041      525.024      377.690      545.023      491.757      628.013      1028.99      1063.04      956.151      801.639      712.969      408.718      311.488      704.006      441.616      421.100      408.167      457.739      449.027      407.001      421.100      0.00000      796.492      401.995      512.079      165.605      593.001      1133.16      498.523      359.340      611.882      896.354      1453.08 
     565.796      102.591      550.091      950.329      847.659      881.036      76.1577      855.862      1035.59      1031.95      1552.32      1169.63      1371.31      1457.48      859.593      639.531      408.075      492.976      741.923      476.707      289.914      535.023      415.030      825.121      936.376      1120.10      1226.23      1163.45      570.636      315.159      438.919      628.033      1386.73      684.416      678.473      686.003      760.345      798.890      728.869      770.925      796.492      0.00000      1021.76      650.865      720.850      768.668      1092.54      814.079      627.156      509.902      1329.00      1645.07 
     463.816      1123.71      556.597      245.204      266.693      260.048      1094.81      359.026      389.936      307.774      789.240      484.381      930.860      1125.28      241.868      570.088      773.256      541.133      367.764      638.161      733.246      488.109      641.132      297.700      354.401      755.794      751.033      641.112      770.600      815.552      583.310      393.732      365.000      382.394      376.464      363.593      327.300      286.400      324.423      293.471      401.995      1021.76      0.00000      455.000      336.786      437.321      904.461      313.249      399.906      626.099      504.232      1097.20 
     154.434      744.883      434.195      307.002      212.250      240.832      726.997      529.741      685.584      631.981      912.921      526.118      821.721      966.398      231.138      132.382      579.008      315.357      420.387      194.487      401.528      199.060      235.850      183.984      286.400      574.674      647.012      559.017      322.490      382.884      285.351      207.002      798.812      80.0000      96.1769      111.018      130.384      173.349      136.473      161.555      512.079      650.865      455.000      0.00000      346.771      130.863      640.410      170.294      157.003      175.000      678.399      1070.81 
     240.208      823.286      219.829      411.096      331.210      360.069      789.383      187.417      360.867      329.014      1067.95      705.301      1098.33      1267.57      319.883      476.366      436.578      228.035      75.0000      450.028      433.042      232.648      406.971      338.378      481.274      872.067      913.906      809.475      643.623      583.310      292.959      151.327      687.786      276.134      255.539      242.745      297.069      294.109      244.182      263.154      165.605      720.850      336.786      346.771      0.00000      429.564      969.910      343.001      196.469      456.755      790.142      1314.96 
     279.866      859.084      552.675      230.705      170.660      182.003      844.423      598.540      733.894      669.645      786.670      401.404      696.024      848.764      195.576      155.724      708.255      441.277      504.480      295.466      530.377      325.730      356.931      140.089      173.349      453.679      518.652      428.515      349.178      481.274      415.933      312.130      747.011      161.012      182.003      191.442      138.654      163.783      186.011      179.234      593.001      768.668      437.321      130.863      429.564      0.00000      540.370      125.000      265.000      266.177      563.649      941.116 
     791.281      1151.27      1072.31      659.564      673.591      661.910      1156.83      1135.89      1257.06      1185.17      705.160      517.421      324.423      364.966      695.593      539.491      1187.70      946.005      1044.84      679.779      957.549      832.406      773.692      652.553      550.681      185.540      291.548      344.420      522.805      782.192      895.879      845.000      1095.18      697.227      718.418      729.555      676.036      690.670      726.223      714.370      1133.16      1092.54      904.461      640.410      969.910      540.370      0.00000      642.359      795.503      646.258      681.542      597.746 
     267.301      910.302      504.802      137.295      47.4342      70.7107      890.183      495.101      617.839      550.273      775.065      391.152      755.860      925.216      71.5891      261.964      687.204      415.752      415.482      364.589      549.477      311.006      400.656      15.8114      148.071      530.519      571.948      469.574      462.385      553.173      413.673      260.864      636.318      133.417      145.774      145.000      60.0000      49.4975      112.805      80.6226      498.523      814.079      313.249      170.294      343.001      125.000      642.359      0.00000      225.499      343.111      522.805      980.472 
     64.0312      728.011      288.487      345.254      241.868      277.218      701.730      383.438      550.568      507.001      1000.01      616.644      959.284      1113.56      246.221      281.824      461.736      190.263      267.442      263.865      344.420      93.9415      244.387      230.000      372.726      718.679      779.311      683.118      448.386      422.670      197.800      50.0000      763.708      105.119      85.4400      81.3941      165.680      191.050      115.434      157.003      359.340      627.156      399.906      157.003      196.469      265.000      795.503      225.499      0.00000      265.189      741.772      1196.92 
     217.083      596.259      463.249      477.624      386.685      413.793      584.637      643.817      815.138      771.962      1042.93      662.590      884.590      1000.12      406.079      130.384      543.622      328.672      521.967      35.3553      313.129      237.171      127.475      357.526      439.090      630.575      726.395      656.220      191.377      215.232      262.011      305.655      973.666      243.772      251.645      265.707      305.164      348.174      302.076      333.654      611.882      509.902      626.099      175.000      456.755      266.177      646.258      343.111      265.189      0.00000      829.608      1150.76 
     789.383      1421.56      995.314      397.020      499.925      464.570      1405.08      860.145      883.233      800.078      285.044      188.215      539.676      744.648      497.041      710.106      1196.51      929.368      843.445      859.069      1072.01      831.865      914.166      514.806      392.747      496.009      410.488      337.231      871.450      1044.28      935.575      767.349      474.684      656.220      667.776      665.019      581.485      550.840      626.498      584.829      896.354      1329.00      504.232      678.399      790.142      563.649      681.542      522.805      741.772      829.608      0.00000      624.820 
     1220.46      1716.05      1483.59      908.639      984.441      954.895      1715.07      1430.47      1486.78      1404.04      398.560      618.567      278.657      318.904      995.113      1022.67      1649.37      1381.20      1381.96      1186.09      1456.71      1266.49      1271.42      981.542      835.135      525.000      425.793      513.931      1081.95      1330.01      1355.91      1238.40      1088.73      1092.62      1111.54      1116.36      1036.40      1026.17      1092.02      1060.39      1453.08      1645.07      1097.20      1070.81      1314.96      941.116      597.746      980.472      1196.92      1150.76      624.820      0.00000 
