Valor_otimo
25395.0
Total_de_cidades
58
Matriz_dos_custos_dos_caminhos
     0.00000      2635.00      2713.00      2437.00      1600.00      2845.00      6002.00      1743.00      594.000      2182.00      2906.00      1658.00      464.000      3334.00      3987.00      2870.00      2601.00      330.000      3049.00      1302.00      3399.00      1946.00      1278.00      669.000      627.000      2878.00      1737.00      3124.00      2878.00      307.000      5217.00      799.000      3305.00      3716.00      2251.00      2878.00      3467.00      4316.00      2963.00      512.000      2515.00      4850.00      1937.00      367.000      3601.00      3936.00      2430.00      2691.00      2087.00      1861.00      2358.00      2263.00      1425.00      2266.00      2166.00      3870.00      1417.00      739.000 
     2635.00      0.00000      314.000      2636.00      666.000      1096.00      4645.00      693.000      2889.00      287.000      772.000      1135.00      2875.00      1424.00      2185.00      1193.00      846.000      2142.00      1127.00      3104.00      1484.00      490.000      990.000      1950.00      2855.00      975.000      926.000      1214.00      599.000      2535.00      3860.00      3027.00      1407.00      1811.00      359.000      1060.00      1557.00      2959.00      394.000      2740.00      98.0000      3538.00      856.000      2026.00      1710.00      1733.00      508.000      194.000      532.000      2906.00      435.000      335.000      2470.00      137.000      234.000      2072.00      1196.00      1517.00 
     2713.00      314.000      0.00000      2730.00      706.000      791.000      4588.00      922.000      2991.00      217.000      760.000      1050.00      2915.00      1119.00      1776.00      1451.00      5410.00      2182.00      846.000      3333.00      578.000      721.000      1030.00      1990.00      2895.00      670.000      835.000      909.000      287.000      2575.00      3803.00      3067.00      1102.00      1505.00      158.000      439.000      1248.00      2902.00      287.000      2780.00      276.000      3436.00      771.000      2066.00      1395.00      1740.00      407.000      279.000      334.000      3135.00      337.000      235.000      2699.00      451.000      546.000      1882.00      2699.00      1557.00 
     2437.00      2636.00      2730.00      0.00000      2824.00      3457.00      6083.00      2120.00      2040.00      2844.00      2973.00      3937.00      1958.00      3710.00      4363.00      2941.00      3207.00      1991.00      3512.00      1571.00      3392.00      2013.00      2922.00      2368.00      2170.00      3336.00      3503.00      3500.00      2884.00      2109.00      5298.00      2108.00      3643.00      4092.00      2934.00      3093.00      3843.00      4391.00      2763.00      2083.00      2543.00      4925.00      3236.00      2107.00      3939.00      4274.00      3008.00      2522.00      3006.00      806.000      2936.00      3026.00      947.000      2464.00      2364.00      4208.00      3116.00      2390.00 
     1600.00      666.000      706.000      2824.00      0.00000      1247.00      4746.00      716.000      2223.00      584.000      1442.00      694.000      2089.00      1577.00      2230.00      1609.00      1003.00      1260.00      1297.00      2535.00      1511.00      908.000      324.000      1116.00      2183.00      1126.00      260.000      1367.00      996.000      1863.00      3961.00      2355.00      1565.00      1959.00      660.000      1106.00      1710.00      3060.00      991.000      2068.00      523.000      3594.00      434.000      1354.00      1861.00      2196.00      658.000      750.000      563.000      2929.00      586.000      668.000      2493.00      494.000      557.000      2130.00      524.000      851.000 
     2845.00      1096.00      791.000      3457.00      1247.00      0.00000      5126.00      1653.00      3545.00      708.000      1298.00      1342.00      3451.00      347.000      1126.00      1989.00      250.000      2736.00      138.000      3786.00      888.000      1452.00      1671.00      2336.00      3431.00      124.000      1165.00      189.000      640.000      3110.00      4341.00      3603.00      489.000      855.000      730.000      364.000      598.000      3440.00      841.000      3316.00      919.000      3974.00      1063.00      2620.00      940.000      1090.00      722.000      921.000      761.000      3866.00      652.000      754.000      3430.00      1096.00      1191.00      1232.00      1582.00      2098.00 
     6002.00      4645.00      4588.00      6083.00      4746.00      5126.00      0.00000      4267.00      6553.00      4826.00      3830.00      5951.00      6417.00      5423.00      6089.00      3142.00      4876.00      5676.00      5181.00      6678.00      4720.00      4074.00      5071.00      5724.00      6675.00      5000.00      4993.00      5221.00      4494.00      6265.00      785.000      6776.00      5265.00      5756.00      4628.00      4747.00      5511.00      1686.00      4276.00      6472.00      4447.00      2230.00      5167.00      5784.00      5561.00      5891.00      4902.00      4353.00      4922.00      6480.00      4759.00      4771.00      6044.00      4299.00      4199.00      5830.00      5271.00      5404.00 
     1743.00      693.000      922.000      2120.00      716.000      1653.00      4267.00      0.00000      2296.00      923.000      1175.00      1282.00      2162.00      1906.00      2559.00      1133.00      1352.00      1422.00      1651.00      2423.00      1588.00      209.000      1030.00      1461.00      2420.00      1538.00      965.000      1716.00      1112.00      2010.00      3482.00      2521.00      1839.00      2288.00      1000.00      1289.00      2039.00      2551.00      955.000      2217.00      715.000      3125.00      1145.00      1529.00      2131.00      2466.00      1087.00      718.000      1083.00      2225.00      1015.00      960.000      1789.00      537.000      436.000      2400.00      1238.00      1199.00 
     594.000      2889.00      2991.00      2040.00      2223.00      3545.00      6553.00      2296.00      0.00000      2869.00      3459.00      2366.00      147.000      3741.00      4399.00      3417.00      3163.00      924.000      3462.00      681.000      3734.00      2493.00      1934.00      1377.00      130.000      3402.00      2449.00      3531.00      3219.00      343.000      5766.00      228.000      3724.00      4128.00      2883.00      3277.00      3870.00      4835.00      3214.00      184.000      2746.00      4875.00      2492.00      925.000      4017.00      4362.00      2985.00      2973.00      2831.00      1544.00      2913.00      2891.00      1103.00      2717.00      2655.00      4504.00      1972.00      1447.00 
     2182.00      287.000      217.000      2844.00      584.000      708.000      4826.00      923.000      2869.00      0.00000      1004.00      781.000      2793.00      1036.00      1694.00      1694.00      458.000      1844.00      757.000      3125.00      1096.00      827.000      908.000      1702.00      2773.00      587.000      844.000      826.000      455.000      2453.00      4041.00      2945.00      1019.00      1423.00      75.0000      572.000      1165.00      3140.00      560.000      2658.00      227.000      3674.00      502.000      1944.00      1312.00      1650.00      170.000      383.000      169.000      3136.00      98.0000      80.0000      2700.00      411.000      508.000      1584.00      948.000      1435.00 
     2906.00      772.000      760.000      2973.00      1442.00      1298.00      3830.00      1175.00      3459.00      1004.00      0.00000      2128.00      3322.00      1609.00      2266.00      693.000      1041.00      2585.00      1353.00      3586.00      887.000      974.000      2553.00      2624.00      3583.00      1177.00      1488.00      1398.00      673.000      3173.00      3045.00      3684.00      1444.00      1935.00      941.000      926.000      1686.00      2149.00      455.000      3380.00      894.000      2688.00      1433.00      2692.00      1740.00      2070.00      1081.00      696.000      1101.00      3388.00      1009.00      950.000      2952.00      1063.00      964.000      2009.00      1972.00      2286.00 
     1658.00      1135.00      1050.00      3937.00      694.000      1342.00      5951.00      1282.00      2366.00      781.000      2128.00      0.00000      2265.00      1695.00      2353.00      2819.00      1117.00      1557.00      1416.00      2636.00      1755.00      1608.00      456.000      1002.00      2245.00      1246.00      257.000      1485.00      1225.00      1925.00      5166.00      2417.00      1678.00      2082.00      871.000      1231.00      1824.00      4265.00      1290.00      2130.00      1019.00      4799.00      279.000      1441.00      1971.00      2309.00      772.000      1148.00      618.000      2844.00      700.000      802.000      2413.00      1188.00      1248.00      2243.00      248.000      1210.00 
     464.000      2875.00      2915.00      1958.00      2089.00      3451.00      6417.00      2162.00      147.000      2793.00      3322.00      2265.00      0.00000      3607.00      4265.00      3283.00      3029.00      931.000      3328.00      817.000      3600.00      2359.00      1876.00      1267.00      200.000      3158.00      2339.00      3397.00      3120.00      211.000      5632.00      366.000      3590.00      4004.00      2766.00      3134.00      3736.00      4701.00      3185.00      135.000      2914.00      5274.00      2267.00      815.000      3883.00      4221.00      2667.00      3043.00      2606.00      1451.00      2595.00      2697.00      1011.00      2563.00      2623.00      4155.00      1834.00      1337.00 
     3334.00      1424.00      1119.00      3710.00      1577.00      347.000      5423.00      1906.00      3741.00      1036.00      1609.00      1695.00      3607.00      0.00000      665.000      2300.00      578.000      2845.00      474.000      4116.00      1216.00      1705.00      1901.00      2693.00      3848.00      652.000      1480.00      224.000      968.000      3547.00      4648.00      4020.00      176.000      394.000      1153.00      692.000      137.000      3752.00      1169.00      3744.00      1301.00      4291.00      1420.00      3047.00      479.000      629.000      1059.00      1249.00      1079.00      4119.00      982.000      967.000      3683.00      1424.00      1421.00      771.000      1939.00      2901.00 
     3987.00      2185.00      1776.00      4363.00      2230.00      1126.00      6089.00      2559.00      4399.00      1694.00      2266.00      2353.00      4265.00      665.000      0.00000      2957.00      1236.00      3706.00      992.000      4774.00      1471.00      2358.00      2654.00      3346.00      4589.00      1177.00      2151.00      887.000      1564.00      4099.00      5304.00      4591.00      818.000      262.000      1716.00      1350.00      528.000      4408.00      1827.00      4306.00      1905.00      4947.00      2073.00      3590.00      562.000      607.000      1717.00      2093.00      1742.00      4772.00      1645.00      1747.00      4036.00      2082.00      2179.00      760.000      2592.00      3554.00 
     2870.00      1193.00      1451.00      2941.00      1609.00      1989.00      3142.00      1133.00      3417.00      1694.00      693.000      2819.00      3283.00      2300.00      2957.00      0.00000      1734.00      2543.00      2044.00      3544.00      1578.00      932.000      1939.00      2582.00      3304.00      1868.00      1861.00      2089.00      1362.00      3131.00      2357.00      3642.00      2133.00      2624.00      1491.00      1615.00      2379.00      1456.00      1144.00      3338.00      1310.00      1990.00      2035.00      2650.00      2429.00      2759.00      1770.00      1216.00      1790.00      3346.00      1622.00      1639.00      2910.00      1162.00      1062.00      2698.00      2139.00      2278.00 
     2601.00      846.000      5410.00      3207.00      1003.00      250.000      4876.00      1352.00      3163.00      458.000      1041.00      1117.00      3029.00      578.000      1236.00      1734.00      0.00000      2267.00      300.000      3542.00      638.000      1202.00      1328.00      2094.00      3187.00      129.000      915.000      368.000      390.000      2866.00      4091.00      3359.00      561.000      965.000      480.000      114.000      711.000      3190.00      591.000      3072.00      669.000      3724.00      846.000      2379.00      854.000      1192.00      392.000      671.000      511.000      3565.00      408.000      388.000      3129.00      846.000      950.000      1126.00      1347.00      1860.00 
     330.000      2142.00      2182.00      1991.00      1260.00      2736.00      5676.00      1422.00      924.000      1844.00      2585.00      1557.00      931.000      2845.00      3706.00      2543.00      2267.00      0.00000      2566.00      1273.00      2905.00      1619.00      1175.00      564.000      1068.00      2600.00      1638.00      2841.00      2470.00      770.000      5113.00      1240.00      3039.00      3433.00      2134.00      2580.00      3184.00      4182.00      2465.00      953.000      1997.00      4756.00      1834.00      114.000      3335.00      3670.00      2388.00      2349.00      1984.00      1715.00      2068.00      2074.00      1284.00      1968.00      2031.00      3604.00      1340.00      636.000 
     3049.00      1127.00      846.000      3512.00      1297.00      138.000      5181.00      1651.00      3462.00      757.000      1353.00      1416.00      3328.00      474.000      992.000      2044.00      300.000      2566.00      0.00000      3841.00      945.000      1507.00      1627.00      2393.00      3486.00      178.000      1214.00      254.000      652.000      3165.00      4396.00      3658.00      531.000      730.000      1079.00      374.000      476.000      3495.00      856.000      3371.00      968.000      4029.00      1140.00      2678.00      806.000      960.000      691.000      978.000      810.000      3864.00      707.000      687.000      3428.00      1145.00      1249.00      1096.00      1646.00      2159.00 
     1302.00      3104.00      3333.00      1571.00      2535.00      3786.00      6678.00      2423.00      681.000      3125.00      3586.00      2636.00      817.000      4116.00      4774.00      3544.00      3542.00      1273.00      3841.00      0.00000      3998.00      2620.00      2217.00      1647.00      693.000      3665.00      2676.00      3906.00      3487.00      1052.00      5893.00      537.000      4108.00      4503.00      3201.00      3635.00      4249.00      4962.00      3366.00      800.000      3064.00      5536.00      2804.00      1385.00      4401.00      4739.00      3199.00      3129.00      3032.00      1070.00      3122.00      3209.00      634.000      2948.00      2846.00      4673.00      2395.00      1681.00 
     3399.00      1484.00      578.000      3392.00      1511.00      888.000      4720.00      1588.00      3734.00      1096.00      887.000      1755.00      3600.00      1216.00      1471.00      1578.00      638.000      2905.00      945.000      3998.00      0.00000      1383.00      1835.00      2627.00      3846.00      767.000      1771.00      788.000      520.000      3380.00      3925.00      3872.00      938.000      1200.00      842.000      524.000      943.000      3024.00      607.000      3585.00      892.000      3558.00      1470.00      2871.00      1288.00      1438.00      1118.00      742.000      1143.00      3801.00      1046.00      976.000      3365.00      1076.00      1174.00      1185.00      1989.00      2951.00 
     1946.00      490.000      721.000      2013.00      908.000      1452.00      4074.00      209.000      2493.00      827.000      974.000      1608.00      2359.00      1705.00      2358.00      932.000      1202.00      1619.00      1507.00      2620.00      1383.00      0.00000      1238.00      1612.00      2617.00      1332.00      1174.00      1495.00      875.000      2211.00      3289.00      2718.00      1634.00      2087.00      774.000      1109.00      1838.00      2388.00      754.000      2414.00      607.000      2922.00      1348.00      1726.00      1930.00      2265.00      991.000      517.000      983.000      2422.00      919.000      880.000      1986.00      459.000      359.000      2199.00      1438.00      1350.00 
     1278.00      990.000      1030.00      2922.00      324.000      1671.00      5071.00      1030.00      1934.00      908.000      2553.00      456.000      1876.00      1901.00      2654.00      1939.00      1328.00      1175.00      1627.00      2217.00      1835.00      1238.00      0.00000      801.000      1865.00      1450.00      554.000      2243.00      1546.00      1545.00      4286.00      2037.00      1889.00      2293.00      984.000      1542.00      2040.00      3385.00      1315.00      1750.00      847.000      3919.00      600.000      1061.00      2182.00      2510.00      1093.00      1074.00      887.000      2425.00      1021.00      992.000      1994.00      818.000      881.000      2454.00      432.000      1394.00 
     669.000      1950.00      1990.00      2368.00      1116.00      2336.00      5724.00      1461.00      1377.00      1702.00      2624.00      1002.00      1267.00      2693.00      3346.00      2582.00      2094.00      564.000      2393.00      1647.00      2627.00      1612.00      801.000      0.00000      1256.00      2083.00      1252.00      2324.00      2058.00      936.000      4929.00      1428.00      2517.00      2686.00      1841.00      2057.00      2806.00      4038.00      2123.00      1141.00      1849.00      4572.00      1275.00      452.000      2805.00      3143.00      1610.00      2020.00      1612.00      1869.00      1542.00      1642.00      1422.00      1748.00      1811.00      3082.00      754.000      259.000 
     627.000      2855.00      2895.00      2170.00      2183.00      3431.00      6675.00      2420.00      130.000      2773.00      3583.00      2245.00      200.000      3848.00      4589.00      3304.00      3187.00      1068.00      3486.00      693.000      3846.00      2617.00      1865.00      1256.00      0.00000      3310.00      2324.00      3551.00      3185.00      372.000      5890.00      190.000      3754.00      4148.00      2849.00      3295.00      3899.00      4959.00      3180.00      125.000      2712.00      5533.00      2524.00      954.000      4050.00      4385.00      2836.00      2939.00      2644.00      1669.00      2764.00      2857.00      1233.00      2683.00      2746.00      4319.00      2004.00      1326.00 
     2878.00      975.000      670.000      3336.00      1126.00      124.000      5000.00      1538.00      3402.00      587.000      1177.00      1246.00      3158.00      652.000      1177.00      1868.00      129.000      2600.00      178.000      3665.00      767.000      1332.00      1450.00      2083.00      3310.00      0.00000      1044.00      432.000      519.000      2995.00      4215.00      3487.00      709.000      908.000      609.000      243.000      639.000      3314.00      720.000      3200.00      798.000      3848.00      969.000      2486.00      984.000      1138.00      528.000      800.000      640.000      3751.00      536.000      517.000      3315.00      975.000      1078.00      1274.00      1329.00      1189.00 
     1737.00      926.000      835.000      3503.00      260.000      1165.00      4993.00      965.000      2449.00      844.000      1488.00      257.000      2339.00      1480.00      2151.00      1861.00      915.000      1638.00      1214.00      2676.00      1771.00      1174.00      554.000      1252.00      2324.00      1044.00      0.00000      1275.00      1023.00      2004.00      4208.00      2496.00      1468.00      1637.00      669.000      1022.00      1627.00      3307.00      1088.00      2209.00      783.000      3841.00      184.000      1524.00      1756.00      2094.00      570.000      946.000      523.000      3178.00      498.000      600.000      2742.00      754.000      817.000      2033.00      498.000      1460.00 
     3124.00      1214.00      909.000      3500.00      1367.00      189.000      5221.00      1716.00      3531.00      826.000      1398.00      1485.00      3397.00      224.000      887.000      2089.00      368.000      2841.00      254.000      3906.00      788.000      1495.00      2243.00      2324.00      3551.00      432.000      1275.00      0.00000      758.000      3236.00      4436.00      4225.00      283.000      606.000      848.000      482.000      359.000      3535.00      959.000      3441.00      1037.00      4069.00      1210.00      2727.00      701.000      851.000      702.000      1039.00      879.000      3929.00      777.000      756.000      3493.00      1214.00      1311.00      1494.00      1570.00      2532.00 
     2878.00      599.000      287.000      2884.00      996.000      640.000      4494.00      1112.00      3219.00      455.000      673.000      1225.00      3120.00      968.000      1564.00      1362.00      390.000      2470.00      652.000      3487.00      520.000      875.000      1546.00      2058.00      3185.00      519.000      1023.00      758.000      0.00000      2865.00      3709.00      3036.00      478.000      1293.00      354.000      274.000      1036.00      2808.00      366.000      3070.00      447.000      3342.00      949.000      2356.00      708.000      837.000      577.000      367.000      623.000      3325.00      525.000      523.000      2889.00      631.000      728.000      1635.00      1304.00      2266.00 
     307.000      2535.00      2575.00      2109.00      1863.00      3110.00      6265.00      2010.00      343.000      2453.00      3173.00      1925.00      211.000      3547.00      4099.00      3131.00      2866.00      770.000      3165.00      1052.00      3380.00      2211.00      1545.00      936.000      372.000      2995.00      2004.00      3236.00      2865.00      0.00000      5480.00      549.000      3434.00      3828.00      2529.00      2975.00      3579.00      4549.00      2860.00      257.000      2392.00      5123.00      2204.00      656.000      3730.00      4065.00      2527.00      2619.00      2354.00      1608.00      2444.00      2537.00      1172.00      2406.00      2305.00      3999.00      1684.00      1006.00 
     5217.00      3860.00      3803.00      5298.00      3961.00      4341.00      785.000      3482.00      5766.00      4041.00      3045.00      5166.00      5632.00      4648.00      5304.00      2357.00      4091.00      5113.00      4396.00      5893.00      3925.00      3289.00      4286.00      4929.00      5890.00      4215.00      4208.00      4436.00      3709.00      5480.00      0.00000      5991.00      4480.00      4971.00      3843.00      3962.00      4791.00      901.000      3491.00      5687.00      3662.00      1445.00      4615.00      4999.00      4776.00      5106.00      4117.00      3568.00      4137.00      5695.00      3969.00      3986.00      5259.00      3514.00      3414.00      5045.00      4708.00      4619.00 
     799.000      3027.00      3067.00      2108.00      2355.00      3603.00      6776.00      2521.00      228.000      2945.00      3684.00      2417.00      366.000      4020.00      4591.00      3642.00      3359.00      1240.00      3658.00      537.000      3872.00      2718.00      2037.00      1428.00      190.000      3487.00      2496.00      4225.00      3036.00      549.000      5991.00      0.00000      3926.00      4320.00      3021.00      3467.00      4171.00      5060.00      3352.00      297.000      2884.00      5634.00      2696.00      1126.00      4222.00      4557.00      3008.00      3114.00      2846.00      1607.00      2936.00      3162.00      1171.00      2855.00      2918.00      4491.00      2176.00      1498.00 
     3305.00      1407.00      1102.00      3643.00      1565.00      489.000      5265.00      1839.00      3724.00      1019.00      1444.00      1678.00      3590.00      176.000      818.000      2133.00      561.000      3039.00      531.000      4108.00      938.000      1634.00      1889.00      2517.00      3754.00      709.000      1468.00      283.000      478.000      3434.00      4480.00      3926.00      0.00000      547.000      1041.00      675.000      290.000      3579.00      1152.00      3639.00      1230.00      4113.00      1402.00      2925.00      213.000      435.000      802.000      1232.00      1072.00      4052.00      970.000      949.000      3616.00      1407.00      1511.00      413.000      1763.00      2725.00 
     3716.00      1811.00      1505.00      4092.00      1959.00      855.000      5756.00      2288.00      4128.00      1423.00      1935.00      2082.00      4004.00      394.000      262.000      2624.00      965.000      3433.00      730.000      4503.00      1200.00      2087.00      2293.00      2686.00      4148.00      908.000      1637.00      606.000      1293.00      3828.00      4971.00      4320.00      547.000      0.00000      1444.00      1016.00      257.000      4002.00      1493.00      4041.00      1638.00      4604.00      1802.00      3319.00      354.000      229.000      1356.00      1849.00      1475.00      4501.00      1139.00      1352.00      4065.00      1839.00      1931.00      300.000      1932.00      2899.00 
     2251.00      359.000      158.000      2934.00      660.000      730.000      4628.00      1000.00      2883.00      75.0000      941.000      871.000      2766.00      1153.00      1716.00      1491.00      480.000      2134.00      1079.00      3201.00      842.000      774.000      984.000      1841.00      2849.00      609.000      669.000      848.000      354.000      2529.00      3843.00      3021.00      1041.00      1444.00      0.00000      594.000      1187.00      2942.00      329.000      2734.00      148.000      3476.00      567.000      2020.00      1335.00      1672.00      243.000      287.000      268.000      3213.00      171.000      107.000      2777.00      315.000      419.000      1606.00      1087.00      2049.00 
     2878.00      1060.00      439.000      3093.00      1106.00      364.000      4747.00      1289.00      3277.00      572.000      926.000      1231.00      3134.00      692.000      1350.00      1615.00      114.000      2580.00      374.000      3635.00      524.000      1109.00      1542.00      2057.00      3295.00      243.000      1022.00      482.000      274.000      2975.00      3962.00      3467.00      675.000      1016.00      594.000      0.00000      759.000      3061.00      705.000      3180.00      635.000      3595.00      971.000      2466.00      968.000      1306.00      506.000      705.000      625.000      3502.00      524.000      502.000      3066.00      960.000      1064.00      1240.00      1303.00      1974.00 
     3467.00      1557.00      1248.00      3843.00      1710.00      598.000      5511.00      2039.00      3870.00      1165.00      1686.00      1824.00      3736.00      137.000      528.000      2379.00      711.000      3184.00      476.000      4249.00      943.000      1838.00      2040.00      2806.00      3899.00      639.000      1627.00      359.000      1036.00      3579.00      4791.00      4171.00      290.000      257.000      1187.00      759.000      0.00000      3825.00      1236.00      3784.00      1381.00      4359.00      1553.00      3070.00      342.000      492.000      1099.00      1592.00      1218.00      4252.00      1115.00      1095.00      3816.00      1560.00      1672.00      634.000      1908.00      2570.00 
     4316.00      2959.00      2902.00      4391.00      3060.00      3440.00      1686.00      2551.00      4835.00      3140.00      2149.00      4265.00      4701.00      3752.00      4408.00      1456.00      3190.00      4182.00      3495.00      4962.00      3024.00      2388.00      3385.00      4038.00      4959.00      3314.00      3307.00      3535.00      2808.00      4549.00      901.000      5060.00      3579.00      4002.00      2942.00      3061.00      3825.00      0.00000      2590.00      4848.00      2761.00      544.000      3481.00      4068.00      3875.00      4505.00      3145.00      2667.00      3236.00      4764.00      3073.00      3083.00      4328.00      2613.00      2513.00      4144.00      3590.00      3718.00 
     2963.00      394.000      287.000      2763.00      991.000      841.000      4276.00      955.000      3214.00      560.000      455.000      1290.00      3185.00      1169.00      1827.00      1144.00      591.000      2465.00      856.000      3366.00      607.000      754.000      1315.00      2123.00      3180.00      720.000      1088.00      959.000      366.000      2860.00      3491.00      3352.00      1152.00      1493.00      329.000      705.000      1236.00      2590.00      0.00000      3065.00      432.000      3124.00      1014.00      2351.00      1445.00      1783.00      602.000      345.000      688.000      3168.00      590.000      488.000      2732.00      498.000      589.000      1717.00      1369.00      2331.00 
     512.000      2740.00      2780.00      2083.00      2068.00      3316.00      6472.00      2217.00      184.000      2658.00      3380.00      2130.00      135.000      3744.00      4306.00      3338.00      3072.00      953.000      3371.00      800.000      3585.00      2414.00      1750.00      1141.00      125.000      3200.00      2209.00      3441.00      3070.00      257.000      5687.00      297.000      3639.00      4041.00      2734.00      3180.00      3784.00      4848.00      3065.00      0.00000      2597.00      5330.00      2409.00      839.000      3935.00      4270.00      2721.00      2923.00      2559.00      1582.00      2649.00      2753.00      1146.00      2568.00      2651.00      4204.00      1889.00      1211.00 
     2515.00      98.0000      276.000      2543.00      523.000      919.000      4447.00      715.000      2746.00      227.000      894.000      1019.00      2914.00      1301.00      1905.00      1310.00      669.000      1997.00      968.000      3064.00      892.000      607.000      847.000      1849.00      2712.00      798.000      783.000      1037.00      447.000      2392.00      3662.00      2884.00      1230.00      1638.00      148.000      635.000      1381.00      2761.00      432.000      2597.00      0.00000      3294.00      722.000      1883.00      1423.00      1783.00      391.000      192.000      416.000      2928.00      319.000      217.000      2492.00      184.000      282.000      1795.00      1095.00      2042.00 
     4850.00      3538.00      3436.00      4925.00      3594.00      3974.00      2230.00      3125.00      4875.00      3674.00      2688.00      4799.00      5274.00      4291.00      4947.00      1990.00      3724.00      4756.00      4029.00      5536.00      3558.00      2922.00      3919.00      4572.00      5533.00      3848.00      3841.00      4069.00      3342.00      5123.00      1445.00      5634.00      4113.00      4604.00      3476.00      3595.00      4359.00      544.000      3124.00      5330.00      3294.00      0.00000      4015.00      4642.00      4409.00      4739.00      3750.00      3201.00      3770.00      5338.00      3607.00      3617.00      4902.00      3147.00      3047.00      4678.00      4124.00      4252.00 
     1937.00      856.000      771.000      3236.00      434.000      1063.00      5167.00      1145.00      2492.00      502.000      1433.00      279.000      2267.00      1420.00      2073.00      2035.00      846.000      1834.00      1140.00      2804.00      1470.00      1348.00      600.000      1275.00      2524.00      969.000      184.000      1210.00      949.000      2204.00      4615.00      2696.00      1402.00      1802.00      567.000      971.000      1553.00      3481.00      1014.00      2409.00      722.000      4015.00      0.00000      1720.00      1698.00      2037.00      554.000      852.000      339.000      3004.00      429.000      533.000      2571.00      889.000      993.000      1967.00      527.000      1123.00 
     367.000      2026.00      2066.00      2107.00      1354.00      2620.00      5784.00      1529.00      925.000      1944.00      2692.00      1441.00      815.000      3047.00      3590.00      2650.00      2379.00      114.000      2678.00      1385.00      2871.00      1726.00      1061.00      452.000      954.000      2486.00      1524.00      2727.00      2356.00      656.000      4999.00      1126.00      2925.00      3319.00      2020.00      2466.00      3070.00      4068.00      2351.00      839.000      1883.00      4642.00      1720.00      0.00000      3221.00      3556.00      2274.00      2235.00      1870.00      1601.00      1954.00      1960.00      1170.00      1854.00      1917.00      3490.00      1226.00      522.000 
     3601.00      1710.00      1395.00      3939.00      1861.00      940.000      5561.00      2131.00      4017.00      1312.00      1740.00      1971.00      3883.00      479.000      562.000      2429.00      854.000      3335.00      806.000      4401.00      1288.00      1930.00      2182.00      2805.00      4050.00      984.000      1756.00      701.000      708.000      3730.00      4776.00      4222.00      213.000      354.000      1335.00      968.000      342.000      3875.00      1445.00      3935.00      1423.00      4409.00      1698.00      3221.00      0.00000      273.000      1340.00      1525.00      1355.00      4344.00      1258.00      942.000      3908.00      1700.00      1798.00      312.000      2051.00      3033.00 
     3936.00      1733.00      1740.00      4274.00      2196.00      1090.00      5891.00      2466.00      4362.00      1650.00      2070.00      2309.00      4221.00      629.000      607.000      2759.00      1192.00      3670.00      960.000      4739.00      1438.00      2265.00      2510.00      3143.00      4385.00      1138.00      2094.00      851.000      837.000      4065.00      5106.00      4557.00      435.000      229.000      1672.00      1306.00      492.000      4505.00      1783.00      4270.00      1783.00      4739.00      2037.00      3556.00      273.000      0.00000      1668.00      1863.00      1693.00      4679.00      1596.00      1580.00      4243.00      2038.00      2134.00      254.000      2389.00      3351.00 
     2430.00      508.000      407.000      3008.00      658.000      722.000      4902.00      1087.00      2985.00      170.000      1081.00      772.000      2667.00      1059.00      1717.00      1770.00      392.000      2388.00      691.000      3199.00      1118.00      991.000      1093.00      1610.00      2836.00      528.000      570.000      702.000      577.000      2527.00      4117.00      3008.00      802.000      1356.00      243.000      506.000      1099.00      3145.00      602.000      2721.00      391.000      3750.00      554.000      2274.00      1340.00      1668.00      0.00000      520.000      86.0000      3299.00      72.0000      170.000      2864.00      558.000      662.000      1489.00      856.000      1434.00 
     2691.00      194.000      279.000      2522.00      750.000      921.000      4353.00      718.000      2973.00      383.000      696.000      1148.00      3043.00      1249.00      2093.00      1216.00      671.000      2349.00      978.000      3129.00      742.000      517.000      1074.00      2020.00      2939.00      800.000      946.000      1039.00      367.000      2619.00      3568.00      3114.00      1232.00      1849.00      287.000      705.000      1592.00      2667.00      345.000      2923.00      192.000      3201.00      852.000      2235.00      1525.00      1863.00      520.000      0.00000      543.000      2931.00      448.000      342.000      2495.00      239.000      288.000      1797.00      1266.00      1878.00 
     2087.00      532.000      334.000      3006.00      563.000      761.000      4922.00      1083.00      2831.00      169.000      1101.00      618.000      2606.00      1079.00      1742.00      1790.00      511.000      1984.00      810.000      3032.00      1143.00      983.000      887.000      1612.00      2644.00      640.000      523.000      879.000      623.000      2354.00      4137.00      2846.00      1072.00      1475.00      268.000      625.000      1218.00      3236.00      688.000      2559.00      416.000      3770.00      339.000      1870.00      1355.00      1693.00      86.0000      543.000      0.00000      3295.00      97.0000      199.000      2859.00      588.000      692.000      1637.00      858.000      1339.00 
     1861.00      2906.00      3135.00      806.000      2929.00      3866.00      6480.00      2225.00      1544.00      3136.00      3388.00      2844.00      1451.00      4119.00      4772.00      3346.00      3565.00      1715.00      3864.00      1070.00      3801.00      2422.00      2425.00      1869.00      1669.00      3751.00      3178.00      3929.00      3325.00      1608.00      5695.00      1607.00      4052.00      4501.00      3213.00      3502.00      4252.00      4764.00      3168.00      1582.00      2928.00      5338.00      3004.00      1601.00      4344.00      4679.00      3299.00      2931.00      3295.00      0.00000      3227.00      3206.00      446.000      2750.00      2649.00      4617.00      2417.00      1882.00 
     2358.00      435.000      337.000      2936.00      586.000      652.000      4759.00      1015.00      2913.00      98.0000      1009.00      700.000      2595.00      982.000      1645.00      1622.00      408.000      2068.00      707.000      3122.00      1046.00      919.000      1021.00      1542.00      2764.00      536.000      498.000      777.000      525.000      2444.00      3969.00      2936.00      970.000      1139.00      171.000      524.000      1115.00      3073.00      590.000      2649.00      319.000      3607.00      429.000      1954.00      1258.00      1596.00      72.0000      448.000      97.0000      3227.00      0.00000      102.000      2791.00      486.000      590.000      1535.00      8700.00      1441.00 
     2263.00      335.000      235.000      3026.00      668.000      754.000      4771.00      960.000      2891.00      80.0000      950.000      802.000      2697.00      967.000      1747.00      1639.00      388.000      2074.00      687.000      3209.00      976.000      880.000      992.000      1642.00      2857.00      517.000      600.000      756.000      523.000      2537.00      3986.00      3162.00      949.000      1352.00      107.000      502.000      1095.00      3083.00      488.000      2753.00      217.000      3617.00      533.000      1960.00      942.000      1580.00      170.000      342.000      199.000      3206.00      102.000      0.00000      2770.00      389.000      497.000      1514.00      888.000      1543.00 
