N = 2;
T = 7;
K = 2;
C = 146.0;
furnance = 2;
color = 9;
machines = [4 5];
products = [119 221];
MINik = [[12.0 12.0],[12.0 12.0]];
MAXik = [[16.0 16.0],[16.0 16.0]];
Pik = [[2.88036 2.88036],[4.390948799999999 4.390948799999999]];
Dit = [[0.0 0.0 0.0 0.0 0.0 0.0 405.0],[0.0 0.0 0.0 0.0 0.0 0.0 168.0]];
Sijk = [[[0.0 0.0],[10.0 13.0]]
[[8.0 7.0],[0.0 0.0]]];
Cijk = [[[0.0 0.0],[10.0 13.0]]
[[8.0 7.0],[0.0 0.0]]];
Hi = [0.2 0.2];
