N = 2;
T = 14;
K = 5;
C = 365.0;
furnance = 2;
color = 9;
machines = [4 5 6 7 8];
products = [221 119];
MINik = [[12.0 12.0 16.0 12.0 12.0],[12.0 12.0 16.0 12.0 12.0]];
MAXik = [[16.0 16.0 0.0 20.0 20.0],[16.0 16.0 20.0 20.0 20.0]];
Pik = [[4.390948799999999 4.390948799999999 4.390948799999999 4.390948799999999 4.390948799999999],[2.88036 2.88036 2.88036 2.88036 2.88036]];
Dit = [[0.0 0.0 0.0 0.0 0.0 0.0 913.0 0.0 0.0 0.0 0.0 0.0 0.0 435.0],[0.0 0.0 0.0 0.0 0.0 0.0 562.0 0.0 0.0 0.0 0.0 0.0 0.0 996.0]];
Sijk = [[[0.0 0.0 0.0 0.0 0.0],[8.0 9.0 11.0 9.0 9.0]]
[[11.0 8.0 1.0E9 11.0 15.0],[0.0 0.0 0.0 0.0 0.0]]];
Cijk = [[[0.0 0.0 0.0 0.0 0.0],[8.0 9.0 11.0 9.0 9.0]]
[[11.0 8.0 1.0E9 11.0 15.0],[0.0 0.0 0.0 0.0 0.0]]];
Hi = [0.2 0.2];
