N = 2;
T = 7;
K = 4;
C = 292.0;
furnance = 2;
color = 9;
machines = [4 5 6 7];
products = [119 221];
MINik = [[12.0 12.0 16.0 12.0],[12.0 12.0 16.0 12.0]];
MAXik = [[16.0 16.0 20.0 20.0],[16.0 16.0 0.0 20.0]];
Pik = [[2.88036 2.88036 2.88036 2.88036],[4.390948799999999 4.390948799999999 4.390948799999999 4.390948799999999]];
Dit = [[0.0 0.0 0.0 0.0 0.0 0.0 202.0],[0.0 0.0 0.0 0.0 0.0 0.0 827.0]];
Sijk = [[[0.0 0.0 0.0 0.0],[11.0 13.0 1.0E9 12.0]]
[[6.0 8.0 9.0 10.0],[0.0 0.0 0.0 0.0]]];
Cijk = [[[0.0 0.0 0.0 0.0],[11.0 13.0 1.0E9 12.0]]
[[6.0 8.0 9.0 10.0],[0.0 0.0 0.0 0.0]]];
Hi = [0.2 0.2];
