N = 2;
T = 14;
K = 3;
C = 219.0;
furnance = 2;
color = 9;
machines = [4 5 6];
products = [119 221];
MINik = [[12.0 12.0 16.0],[12.0 12.0 16.0]];
MAXik = [[16.0 16.0 20.0],[16.0 16.0 0.0]];
Pik = [[2.88036 2.88036 2.88036],[4.390948799999999 4.390948799999999 4.390948799999999]];
Dit = [[0.0 0.0 0.0 0.0 0.0 0.0 606.0 0.0 0.0 0.0 0.0 0.0 0.0 230.0],[0.0 0.0 0.0 0.0 0.0 0.0 112.0 0.0 0.0 0.0 0.0 0.0 0.0 505.0]];
Sijk = [[[0.0 0.0 0.0],[11.0 9.0 1.0E9]]
[[6.0 7.0 7.0],[0.0 0.0 0.0]]];
Cijk = [[[0.0 0.0 0.0],[11.0 9.0 1.0E9]]
[[6.0 7.0 7.0],[0.0 0.0 0.0]]];
Hi = [0.2 0.2];
